  0    0      0      0     0 ふぁいと!
  0    0      0      0     0 ふぁいと!
  0    0      0      0     0 ふぁいと!
  0    0      0      0     0 ふぁいと!
  0    0      0      0     0 ふぁいと!
  0    0      0      0     0 ふぁいと!
  0    0      0      0     0 ふぁいと!
  0    0      0      0     0 ふぁいと!
  0    0      0      0     0 ふぁいと!
  0    0      0      0     0 ふぁいと!
  0    0      0      0     0 ふぁいと!
  0    0      0      0     0 ふぁいと!
130    2    470   1520    67 17/Dec/14
150    2    426   1519    62 18/Apr/13
127    3    590   2126    80 ふぁいと!
